1.0 2.14
1.2 1.78
1.8 2.04
2.0 2.04
2.5 1.83
3.5 1.63
4.0 1.73
5.0 1.74
7.0 1.33
8.0 1.34
10.0 1.33
14.0 1.33
16.0 1.32
20.0 1.32
28.0 1.32
32.0 1.32
40.0 3.89
56.0 3.85
64.0 3.88
80.0 3.91
112.0 3.89
128.0 3.83
160.0 3.83
224.0 6.67
256.0 6.22
320.0 9.10
448.0 11.11
512.0 11.26
640.0 11.77
896.0 11.83
1024.0 11.81
1280.0 11.90
1792.0 12.38
2048.0 12.13
2560.0 13.86
3584.0 22.46
4096.0 21.48
5120.0 28.27
7168.0 40.34
8192.0 44.59
10240.0 52.85
14336.0 65.69
16384.0 67.82
20480.0 72.39
28672.0 79.87
32768.0 80.43
40960.0 83.91
57344.0 86.25
65536.0 87.24
81920.0 90.92
114688.0 92.47
131072.0 94.55
163840.0 94.52
229376.0 96.18
262144.0 98.01
327680.0 98.29
458752.0 100.40
