1.0 5.22
1.2 4.98
1.8 4.97
2.0 4.95
2.5 5.08
3.5 4.99
4.0 5.07
5.0 4.99
7.0 4.92
8.0 5.75
10.0 4.55
14.0 5.00
16.0 4.97
20.0 4.51
28.0 5.10
32.0 5.16
40.0 5.65
56.0 5.81
64.0 6.12
80.0 6.14
112.0 6.15
128.0 6.20
160.0 6.35
224.0 6.54
256.0 6.71
320.0 6.81
448.0 6.98
512.0 7.05
640.0 7.07
896.0 7.05
1024.0 8.14
1280.0 7.88
1792.0 7.20
2048.0 7.24
2560.0 9.41
3584.0 7.26
4096.0 7.57
5120.0 9.24
7168.0 12.65
8192.0 13.66
10240.0 14.59
14336.0 14.94
16384.0 15.16
20480.0 14.95
28672.0 15.65
32768.0 15.50
40960.0 17.17
57344.0 15.32
65536.0 15.41
81920.0 15.26
114688.0 14.96
131072.0 15.40
163840.0 14.92
229376.0 16.36
262144.0 16.29
327680.0 17.56
458752.0 16.18
