1.0 32.06
1.2 30.93
1.8 29.49
2.0 27.93
2.5 26.44
3.5 24.09
4.0 23.30
5.0 21.10
7.0 19.69
8.0 17.95
10.0 18.72
14.0 18.72
16.0 17.18
20.0 17.74
28.0 17.85
32.0 16.88
40.0 16.60
56.0 15.60
64.0 16.19
80.0 15.79
112.0 14.60
128.0 14.14
160.0 13.25
224.0 12.67
256.0 11.20
320.0 11.10
448.0 10.71
512.0 10.45
640.0 10.23
896.0 9.42
1024.0 8.67
1280.0 7.64
1792.0 7.80
2048.0 10.96
2560.0 12.40
3584.0 8.84
4096.0 12.38
5120.0 13.18
7168.0 14.19
8192.0 17.91
10240.0 19.29
14336.0 19.13
16384.0 18.34
20480.0 18.93
28672.0 18.87
32768.0 17.85
40960.0 18.92
57344.0 18.68
65536.0 17.81
81920.0 18.26
114688.0 19.11
131072.0 17.79
163840.0 17.76
229376.0 17.64
262144.0 17.57
327680.0 17.58
458752.0 17.76
