1.0 2.34
1.2 1.58
1.8 1.97
2.0 1.77
2.5 1.78
3.5 1.72
4.0 1.75
5.0 1.77
7.0 1.77
8.0 1.97
10.0 1.72
14.0 1.79
16.0 1.77
20.0 2.12
28.0 1.60
32.0 1.81
40.0 4.48
56.0 4.46
64.0 4.45
80.0 4.54
112.0 4.47
128.0 4.45
160.0 5.15
224.0 6.08
256.0 6.79
320.0 7.36
448.0 7.97
512.0 9.12
640.0 8.00
896.0 8.12
1024.0 7.99
1280.0 8.11
1792.0 8.00
2048.0 8.11
2560.0 8.30
3584.0 10.38
4096.0 10.03
5120.0 12.98
7168.0 19.45
8192.0 22.16
10240.0 26.32
14336.0 28.92
16384.0 31.03
20480.0 31.17
28672.0 33.40
32768.0 33.54
40960.0 34.52
57344.0 35.36
65536.0 35.69
81920.0 35.06
114688.0 35.17
131072.0 35.24
163840.0 36.26
229376.0 35.32
262144.0 35.31
327680.0 35.33
458752.0 34.53
