1.0 38.59
1.2 35.30
1.8 32.16
2.0 30.95
2.5 28.90
3.5 26.98
4.0 27.26
5.0 23.86
7.0 22.35
8.0 21.62
10.0 20.68
14.0 18.88
16.0 18.79
20.0 18.00
28.0 18.00
32.0 17.58
40.0 18.63
56.0 16.45
64.0 16.61
80.0 15.51
112.0 13.83
128.0 13.43
160.0 12.95
224.0 14.05
256.0 14.36
320.0 15.02
448.0 15.31
512.0 14.47
640.0 14.45
896.0 14.60
1024.0 13.40
1280.0 9.80
1792.0 10.62
2048.0 10.88
2560.0 12.39
3584.0 10.01
4096.0 13.11
5120.0 13.68
7168.0 17.21
8192.0 19.28
10240.0 20.68
14336.0 21.59
16384.0 21.29
20480.0 20.52
28672.0 20.56
32768.0 20.45
40960.0 19.56
57344.0 20.36
65536.0 20.43
81920.0 19.75
114688.0 19.41
131072.0 20.63
163840.0 19.43
229376.0 19.27
262144.0 19.30
327680.0 19.42
458752.0 19.44
