1.0 23.85
1.2 22.42
1.8 20.74
2.0 19.68
2.5 18.45
3.5 17.01
4.0 16.55
5.0 13.80
7.0 13.79
8.0 11.36
10.0 14.13
14.0 13.38
16.0 13.69
20.0 12.33
28.0 12.73
32.0 13.87
40.0 13.35
56.0 13.43
64.0 13.93
80.0 13.14
112.0 12.43
128.0 12.62
160.0 9.86
224.0 10.16
256.0 9.70
320.0 10.05
448.0 9.52
512.0 9.24
640.0 8.10
896.0 7.43
1024.0 7.39
1280.0 7.47
1792.0 7.56
2048.0 7.77
2560.0 10.27
3584.0 7.95
4096.0 8.01
5120.0 9.62
7168.0 16.74
8192.0 18.54
10240.0 19.18
14336.0 19.38
16384.0 19.01
20480.0 19.01
28672.0 19.17
32768.0 18.95
40960.0 18.89
57344.0 18.99
65536.0 18.95
81920.0 19.15
114688.0 19.02
131072.0 18.94
163840.0 19.00
229376.0 19.05
262144.0 20.01
327680.0 18.88
458752.0 18.87
