1.0 42.59
1.2 37.06
1.8 33.56
2.0 32.51
2.5 30.92
3.5 27.77
4.0 28.31
5.0 25.70
7.0 23.59
8.0 22.96
10.0 21.66
14.0 20.39
16.0 20.65
20.0 20.41
28.0 20.32
32.0 21.04
40.0 20.08
56.0 19.54
64.0 19.14
80.0 18.31
112.0 16.41
128.0 15.83
160.0 17.13
224.0 16.29
256.0 16.58
320.0 15.78
448.0 17.15
512.0 15.80
640.0 15.39
896.0 15.08
1024.0 14.58
1280.0 13.64
1792.0 12.94
2048.0 12.83
2560.0 13.08
3584.0 12.91
4096.0 12.89
5120.0 15.13
7168.0 13.84
8192.0 14.33
10240.0 16.30
14336.0 15.23
16384.0 15.66
20480.0 15.05
28672.0 14.51
32768.0 14.51
40960.0 14.69
57344.0 14.45
65536.0 14.30
81920.0 14.67
114688.0 14.08
131072.0 19.24
163840.0 14.93
229376.0 13.98
262144.0 30.13
327680.0 14.03
458752.0 14.01
