1.0 30.96
1.2 28.46
1.8 26.17
2.0 27.71
2.5 24.16
3.5 22.26
4.0 22.33
5.0 17.83
7.0 16.03
8.0 15.60
10.0 16.61
14.0 16.13
16.0 15.47
20.0 15.79
28.0 15.95
32.0 15.07
40.0 14.99
56.0 13.87
64.0 14.40
80.0 13.69
112.0 12.68
128.0 12.07
160.0 14.64
224.0 14.12
256.0 14.09
320.0 13.79
448.0 10.15
512.0 9.90
640.0 9.62
896.0 9.94
1024.0 8.42
1280.0 7.89
1792.0 10.25
2048.0 10.18
2560.0 9.83
3584.0 8.63
4096.0 9.12
5120.0 11.14
7168.0 17.13
8192.0 18.05
10240.0 19.21
14336.0 18.97
16384.0 19.12
20480.0 19.09
28672.0 19.24
32768.0 17.93
40960.0 18.74
57344.0 18.18
65536.0 18.09
81920.0 18.74
114688.0 17.76
131072.0 17.85
163840.0 17.95
229376.0 17.86
262144.0 18.06
327680.0 17.81
458752.0 17.85
