1.0 2.04
1.2 1.76
1.8 1.67
2.0 1.72
2.5 1.79
3.5 1.66
4.0 1.76
5.0 1.75
7.0 1.64
8.0 1.78
10.0 1.80
14.0 1.68
16.0 1.74
20.0 1.79
28.0 1.67
32.0 1.74
40.0 1.78
56.0 1.71
64.0 1.69
80.0 1.77
112.0 1.70
128.0 1.73
160.0 1.76
224.0 1.71
256.0 1.97
320.0 1.75
448.0 1.80
512.0 1.74
640.0 1.98
896.0 1.66
1024.0 1.78
1280.0 1.81
1792.0 1.77
2048.0 1.60
2560.0 1.72
3584.0 1.78
4096.0 1.78
5120.0 1.83
7168.0 1.80
8192.0 1.74
10240.0 1.51
14336.0 1.79
16384.0 1.41
20480.0 1.71
28672.0 1.33
32768.0 1.32
40960.0 1.32
57344.0 1.32
65536.0 1.35
81920.0 1.31
114688.0 1.32
131072.0 1.31
163840.0 1.31
229376.0 1.31
262144.0 1.31
327680.0 1.31
458752.0 1.31
