1.0 24.24
1.2 22.23
1.8 17.75
2.0 16.03
2.5 16.05
3.5 13.02
4.0 13.89
5.0 11.75
7.0 12.00
8.0 12.81
10.0 11.99
14.0 12.04
16.0 11.13
20.0 11.72
28.0 12.00
32.0 11.57
40.0 11.96
56.0 10.96
64.0 11.88
80.0 11.56
112.0 10.55
128.0 10.31
160.0 8.78
224.0 9.12
256.0 9.06
320.0 8.88
448.0 8.80
512.0 9.66
640.0 8.10
896.0 7.39
1024.0 7.36
1280.0 7.33
1792.0 7.32
2048.0 7.38
2560.0 7.45
3584.0 7.72
4096.0 8.06
5120.0 10.00
7168.0 17.06
8192.0 18.91
10240.0 20.20
14336.0 19.95
16384.0 19.98
20480.0 21.00
28672.0 20.14
32768.0 19.82
40960.0 19.69
57344.0 19.76
65536.0 19.78
81920.0 19.74
114688.0 19.61
131072.0 19.70
163840.0 20.69
229376.0 19.53
262144.0 19.63
327680.0 19.58
458752.0 19.84
