1.0 2.41
1.2 1.69
1.8 1.77
2.0 1.93
2.5 1.77
3.5 1.74
4.0 1.76
5.0 1.81
7.0 1.79
8.0 1.57
10.0 1.83
14.0 1.80
16.0 1.61
20.0 1.80
28.0 1.84
32.0 2.05
40.0 4.43
56.0 5.50
64.0 4.43
80.0 4.41
112.0 4.45
128.0 4.66
160.0 4.42
224.0 4.49
256.0 4.50
320.0 4.56
448.0 4.58
512.0 4.55
640.0 4.55
896.0 4.74
1024.0 4.74
1280.0 4.87
1792.0 4.56
2048.0 4.53
2560.0 4.65
3584.0 4.64
4096.0 4.81
5120.0 5.05
7168.0 5.63
8192.0 5.60
10240.0 5.82
14336.0 5.73
16384.0 6.00
20480.0 6.08
28672.0 6.06
32768.0 5.96
40960.0 5.69
57344.0 5.74
65536.0 5.64
81920.0 5.59
114688.0 6.79
131072.0 5.55
163840.0 5.54
229376.0 5.52
262144.0 5.55
327680.0 5.55
458752.0 5.53
