1.0 5.61
1.2 5.20
1.8 5.20
2.0 5.32
2.5 5.17
3.5 5.57
4.0 5.15
5.0 5.18
7.0 5.55
8.0 5.07
10.0 5.22
14.0 5.63
16.0 5.52
20.0 5.16
28.0 6.46
32.0 5.27
40.0 5.82
56.0 5.86
64.0 5.82
80.0 6.15
112.0 6.05
128.0 5.94
160.0 6.08
224.0 6.38
256.0 6.55
320.0 6.83
448.0 6.99
512.0 7.18
640.0 7.18
896.0 7.21
1024.0 7.28
1280.0 7.21
1792.0 7.53
2048.0 7.22
2560.0 7.54
3584.0 7.71
4096.0 7.90
5120.0 10.05
7168.0 14.30
8192.0 17.37
10240.0 17.27
14336.0 18.61
16384.0 18.67
20480.0 18.49
28672.0 18.81
32768.0 19.20
40960.0 19.48
57344.0 18.97
65536.0 18.88
81920.0 20.34
114688.0 18.58
131072.0 18.80
163840.0 18.48
229376.0 18.71
262144.0 18.57
327680.0 19.75
458752.0 21.35
