1.0 37.27
1.2 37.25
1.8 37.40
2.0 37.15
2.5 37.15
3.5 37.13
4.0 37.12
5.0 37.14
7.0 36.81
8.0 37.13
10.0 36.79
14.0 35.54
16.0 36.90
20.0 33.32
28.0 31.40
32.0 36.15
40.0 35.39
56.0 31.55
64.0 31.09
80.0 26.23
112.0 26.17
128.0 23.01
160.0 22.07
224.0 19.17
256.0 18.09
320.0 15.97
448.0 15.53
512.0 15.64
640.0 15.53
896.0 15.59
1024.0 15.65
1280.0 15.59
1792.0 22.53
2048.0 28.65
2560.0 44.68
3584.0 49.44
4096.0 52.67
5120.0 51.56
7168.0 48.86
8192.0 41.83
10240.0 42.30
14336.0 42.32
16384.0 43.00
20480.0 42.22
28672.0 42.23
32768.0 42.25
40960.0 42.09
57344.0 59.77
65536.0 42.13
81920.0 42.20
114688.0 53.11
131072.0 42.17
163840.0 42.18
229376.0 42.22
262144.0 67.12
327680.0 42.18
458752.0 42.11
