1.0 34.26
1.2 34.29
1.8 34.78
2.0 34.20
2.5 34.67
3.5 34.36
4.0 34.41
5.0 33.40
7.0 34.93
8.0 34.77
10.0 34.36
14.0 34.38
16.0 33.76
20.0 29.34
28.0 30.42
32.0 27.77
40.0 27.18
56.0 23.40
64.0 20.06
80.0 18.60
112.0 16.24
128.0 15.88
160.0 14.84
224.0 14.48
256.0 14.45
320.0 14.43
448.0 14.21
512.0 14.14
640.0 14.29
896.0 14.35
1024.0 14.34
1280.0 14.60
1792.0 25.02
2048.0 29.77
2560.0 44.73
3584.0 41.28
4096.0 31.55
5120.0 51.64
7168.0 34.14
8192.0 34.54
10240.0 34.83
14336.0 35.13
16384.0 57.49
20480.0 54.45
28672.0 34.89
32768.0 34.92
40960.0 34.93
57344.0 56.17
65536.0 34.82
81920.0 34.83
114688.0 34.82
131072.0 34.83
163840.0 34.83
229376.0 54.14
262144.0 34.76
327680.0 40.08
458752.0 34.82
