1.0 2.67
1.2 2.67
1.8 2.67
2.0 2.67
2.5 2.67
3.5 2.67
4.0 2.67
5.0 2.67
7.0 2.67
8.0 2.67
10.0 10.40
14.0 2.67
16.0 2.67
20.0 10.41
28.0 8.20
32.0 12.30
40.0 10.37
56.0 14.56
64.0 13.88
80.0 17.78
112.0 17.64
128.0 17.74
160.0 15.64
224.0 15.64
256.0 15.70
320.0 15.64
448.0 15.64
512.0 15.64
640.0 15.65
896.0 15.70
1024.0 16.19
1280.0 15.69
1792.0 19.81
2048.0 23.08
2560.0 35.29
3584.0 33.72
4096.0 32.49
5120.0 33.74
7168.0 34.45
8192.0 34.60
10240.0 34.70
14336.0 34.80
16384.0 34.84
20480.0 35.02
28672.0 34.84
32768.0 34.84
40960.0 34.83
57344.0 34.84
65536.0 34.83
81920.0 34.90
114688.0 34.90
131072.0 34.91
163840.0 34.92
229376.0 34.90
262144.0 34.93
327680.0 34.92
458752.0 34.98
