1.0 2.67
1.2 2.67
1.8 2.67
2.0 2.67
2.5 2.67
3.5 2.67
4.0 2.67
5.0 2.67
7.0 2.67
8.0 2.67
10.0 2.67
14.0 2.67
16.0 2.67
20.0 3.52
28.0 3.68
32.0 3.38
40.0 3.40
56.0 3.89
64.0 3.91
80.0 4.09
112.0 4.14
128.0 4.09
160.0 4.10
224.0 4.10
256.0 4.10
320.0 4.10
448.0 4.11
512.0 4.11
640.0 4.12
896.0 4.14
1024.0 4.15
1280.0 4.28
1792.0 5.06
2048.0 5.66
2560.0 6.60
3584.0 5.14
4096.0 4.73
5120.0 4.44
7168.0 4.40
8192.0 4.41
10240.0 4.40
14336.0 4.40
16384.0 4.41
20480.0 4.40
28672.0 4.40
32768.0 4.40
40960.0 4.41
57344.0 4.40
65536.0 4.40
81920.0 4.40
114688.0 4.40
131072.0 4.40
163840.0 4.40
229376.0 4.40
262144.0 4.40
327680.0 4.39
458752.0 4.40
