1.0 2.67
1.2 2.67
1.8 2.67
2.0 2.67
2.5 2.67
3.5 2.67
4.0 2.67
5.0 2.67
7.0 2.67
8.0 2.67
10.0 2.67
14.0 2.67
16.0 2.67
20.0 9.48
28.0 2.67
32.0 6.95
40.0 9.48
56.0 13.21
64.0 14.06
80.0 14.02
112.0 14.02
128.0 14.02
160.0 14.09
224.0 14.10
256.0 14.10
320.0 14.10
448.0 14.10
512.0 14.22
640.0 14.12
896.0 14.13
1024.0 14.17
1280.0 14.21
1792.0 16.31
2048.0 22.90
2560.0 44.58
3584.0 34.07
4096.0 27.16
5120.0 25.93
7168.0 26.14
8192.0 26.20
10240.0 26.28
14336.0 26.37
16384.0 26.29
20480.0 26.30
28672.0 26.27
32768.0 26.32
40960.0 26.75
57344.0 26.22
65536.0 26.24
81920.0 26.23
114688.0 26.24
131072.0 26.20
163840.0 26.26
229376.0 26.21
262144.0 26.27
327680.0 26.24
458752.0 26.25
