1.0 32.74
1.2 32.57
1.8 32.58
2.0 32.14
2.5 32.19
3.5 32.23
4.0 32.37
5.0 32.27
7.0 32.76
8.0 32.19
10.0 32.25
14.0 32.04
16.0 32.35
20.0 32.26
28.0 32.30
32.0 32.33
40.0 29.26
56.0 27.21
64.0 26.92
80.0 25.27
112.0 20.28
128.0 18.10
160.0 16.98
224.0 15.73
256.0 14.81
320.0 14.76
448.0 14.56
512.0 14.59
640.0 14.59
896.0 14.84
1024.0 14.56
1280.0 16.32
1792.0 22.53
2048.0 29.32
2560.0 44.27
3584.0 41.15
4096.0 34.46
5120.0 35.04
7168.0 49.45
8192.0 37.38
10240.0 37.64
14336.0 37.87
16384.0 37.78
20480.0 58.26
28672.0 88.70
32768.0 37.84
40960.0 59.41
57344.0 37.72
65536.0 37.73
81920.0 67.09
114688.0 37.71
131072.0 37.69
163840.0 42.00
229376.0 37.66
262144.0 37.66
327680.0 37.67
458752.0 37.68
