1.0 2.67
1.2 2.67
1.8 2.67
2.0 2.67
2.5 2.67
3.5 2.67
4.0 2.67
5.0 2.67
7.0 2.67
8.0 2.67
10.0 2.67
14.0 2.67
16.0 2.67
20.0 2.67
28.0 12.40
32.0 8.35
40.0 8.35
56.0 14.02
64.0 14.02
80.0 12.89
112.0 14.02
128.0 14.02
160.0 14.14
224.0 14.14
256.0 14.10
320.0 14.10
448.0 14.10
512.0 14.10
640.0 14.12
896.0 14.14
1024.0 14.18
1280.0 14.73
1792.0 20.85
2048.0 23.38
2560.0 28.64
3584.0 21.95
4096.0 18.82
5120.0 18.50
7168.0 18.85
8192.0 18.96
10240.0 19.05
14336.0 19.11
16384.0 19.12
20480.0 19.12
28672.0 19.19
32768.0 19.14
40960.0 19.15
57344.0 19.49
65536.0 19.15
81920.0 19.13
114688.0 19.14
131072.0 19.15
163840.0 19.15
229376.0 19.13
262144.0 19.13
327680.0 19.15
458752.0 19.11
