1.0 2.67
1.2 2.67
1.8 2.67
2.0 2.67
2.5 2.67
3.5 2.67
4.0 2.67
5.0 2.67
7.0 2.67
8.0 2.67
10.0 2.67
14.0 8.34
16.0 2.67
20.0 10.19
28.0 8.09
32.0 12.03
40.0 10.30
56.0 14.74
64.0 14.02
80.0 14.69
112.0 14.74
128.0 14.73
160.0 15.50
224.0 16.36
256.0 16.62
320.0 17.03
448.0 17.53
512.0 17.78
640.0 17.89
896.0 18.17
1024.0 18.34
1280.0 18.40
1792.0 20.49
2048.0 30.85
2560.0 64.65
3584.0 104.83
4096.0 114.89
5120.0 126.21
7168.0 135.79
8192.0 137.76
10240.0 139.96
14336.0 142.15
16384.0 142.62
20480.0 143.51
28672.0 144.85
32768.0 145.55
40960.0 149.80
57344.0 155.25
65536.0 156.97
81920.0 160.10
114688.0 164.47
131072.0 166.10
163840.0 169.38
229376.0 173.93
262144.0 175.94
327680.0 179.64
458752.0 184.83
